,Role 0,Role 1,Role 2,Role 3,Role 4,Role 5
Role 0,334,454,202,392,506,28
Role 1,454,180,102,242,384,18
Role 2,202,102,44,200,204,6
Role 3,392,242,200,170,388,10
Role 4,506,384,204,388,220,18
Role 5,28,18,6,10,18,2
