,Role 0,Role 1,Role 2,Role 3,Role 4,Role 5,Role 6
Role 0,168,246,124,162,280,24,534
Role 1,246,68,74,110,186,16,336
Role 2,124,74,20,40,86,4,190
Role 3,162,110,40,28,148,4,286
Role 4,280,186,86,148,114,10,456
Role 5,24,16,4,4,10,2,22
Role 6,534,336,190,286,456,22,366
