,Role 0,Role 1,Role 2,Role 3,Role 4,Role 5,Role 6
Role 0,124,370,138,342,116,22,180
Role 1,370,326,234,580,190,16,266
Role 2,138,234,36,214,50,4,96
Role 3,342,580,214,180,144,18,248
Role 4,116,190,50,144,28,6,84
Role 5,22,16,4,18,6,2,14
Role 6,180,266,96,248,84,14,76
