,Role 0,Role 1,Role 2,Role 3,Role 4,Role 5,Role 6
Role 0,164,398,148,376,136,226,20
Role 1,398,276,242,478,178,290,22
Role 2,148,242,28,190,56,110,4
Role 3,376,478,190,178,126,238,12
Role 4,136,178,56,126,28,88,6
Role 5,226,290,110,238,88,68,16
Role 6,20,22,4,12,6,16,2
